Time 0: 
Config vector: [2, 1, 0, 0, 0, 0]
Candidate app vectors: [[1, 0, 0, 0, 1, 1], [0, 0, 0, 1, 0, 0]]
Applied: [1, 0, 0, 0, 0, 1, 0, 0]
Result: [[4, 2, 0, 0, 0, 0], [2, 0, 1, 0, 0, 0]]
Time 1: 
Config vector: [4, 2, 0, 0, 0, 0]
Candidate app vectors: [[1, 0, 0, 0, 2, 0], [0, 0, 2, 1, 0, 0], [2, 2, 0, 0, 1, 1]]
Applied: [2, 0, 0, 0, 1, 1, 0, 0, 0, 2, 0, 0]
Result: [[8, 4, 0, 0, 0, 0], [6, 2, 1, 0, 0, 0], [4, 0, 2, 0, 0, 0]]
Time 2: 
Config vector: [8, 4, 0, 0, 0, 0]
Candidate app vectors: [[1, 0, 0, 0, 2, 0], [0, 0, 3, 0, 0, 0], [4, 0, 0, 0, 4, 1], [0, 0, 4, 2, 0, 0], [4, 3, 0, 0, 4, 4]]
Applied: [4, 0, 0, 0, 3, 1, 0, 0, 2, 2, 0, 0, 1, 3, 0, 0, 0, 4, 0, 0]
Result: [[16, 8, 0, 0, 0, 0], [14, 6, 1, 0, 0, 0], [12, 4, 2, 0, 0, 0], [10, 2, 3, 0, 0, 0], [8, 0, 4, 0, 0, 0]]
Time 3: 
Config vector: [16, 8, 0, 0, 0, 0]
Candidate app vectors: [[1, 0, 0, 0, 2, 0], [0, 0, 3, 0, 0, 0], [4, 0, 0, 0, 5, 0], [0, 0, 6, 0, 0, 0], [7, 0, 0, 0, 8, 0], [0, 0, 8, 1, 0, 0], [8, 2, 0, 0, 8, 3], [0, 0, 8, 4, 0, 0], [8, 5, 0, 0, 8, 6]]
Applied: [8, 0, 0, 0, 7, 1, 0, 0, 6, 2, 0, 0, 5, 3, 0, 0, 4, 4, 0, 0, 3, 5, 0, 0, 2, 6, 0, 0, 1, 7, 0, 0, 0, 8, 0, 0]
Result: [[32, 16, 0, 0, 0, 0], [30, 14, 1, 0, 0, 0], [28, 12, 2, 0, 0, 0], [26, 10, 3, 0, 0, 0], [24, 8, 4, 0, 0, 0], [22, 6, 5, 0, 0, 0], [20, 4, 6, 0, 0, 0], [18, 2, 7, 0, 0, 0], [16, 0, 8, 0, 0, 0]]
Time 4: 
Config vector: [32, 16, 0, 0, 0, 0]
Candidate app vectors: [[1, 0, 0, 0, 2, 0], [0, 0, 3, 0, 0, 0], [4, 0, 0, 0, 5, 0], [0, 0, 6, 0, 0, 0], [7, 0, 0, 0, 8, 0], [0, 0, 9, 0, 0, 0], [10, 0, 0, 0, 11, 0], [0, 0, 12, 0, 0, 0], [13, 0, 0, 0, 14, 0], [0, 0, 15, 0, 0, 0], [16, 0, 0, 0, 16, 1], [0, 0, 16, 2, 0, 0], [16, 3, 0, 0, 16, 4], [0, 0, 16, 5, 0, 0], [16, 6, 0, 0, 16, 7], [0, 0, 16, 8, 0, 0], [16, 9, 0, 0, 16, 10]]
Applied: [16, 0, 0, 0, 15, 1, 0, 0, 14, 2, 0, 0, 13, 3, 0, 0, 12, 4, 0, 0, 11, 5, 0, 0, 10, 6, 0, 0, 9, 7, 0, 0, 8, 8, 0, 0, 7, 9, 0, 0, 6, 10, 0, 0, 5, 11, 0, 0, 4, 12, 0, 0, 3, 13, 0, 0, 2, 14, 0, 0, 1, 15, 0, 0, 0, 16, 0, 0]
Result: [[64, 32, 0, 0, 0, 0], [62, 30, 1, 0, 0, 0], [60, 28, 2, 0, 0, 0], [58, 26, 3, 0, 0, 0], [56, 24, 4, 0, 0, 0], [54, 22, 5, 0, 0, 0], [52, 20, 6, 0, 0, 0], [50, 18, 7, 0, 0, 0], [48, 16, 8, 0, 0, 0], [46, 14, 9, 0, 0, 0], [44, 12, 10, 0, 0, 0], [42, 10, 11, 0, 0, 0], [40, 8, 12, 0, 0, 0], [38, 6, 13, 0, 0, 0], [36, 4, 14, 0, 0, 0], [34, 2, 15, 0, 0, 0], [32, 0, 16, 0, 0, 0]]
Time 5: 
Config vector: [64, 32, 0, 0, 0, 0]
Candidate app vectors: [[1, 0, 0, 0, 2, 0], [0, 0, 3, 0, 0, 0], [4, 0, 0, 0, 5, 0], [0, 0, 6, 0, 0, 0], [7, 0, 0, 0, 8, 0], [0, 0, 9, 0, 0, 0], [10, 0, 0, 0, 11, 0], [0, 0, 12, 0, 0, 0], [13, 0, 0, 0, 14, 0], [0, 0, 15, 0, 0, 0], [16, 0, 0, 0, 17, 0], [0, 0, 18, 0, 0, 0], [19, 0, 0, 0, 20, 0], [0, 0, 21, 0, 0, 0], [22, 0, 0, 0, 23, 0], [0, 0, 24, 0, 0, 0], [25, 0, 0, 0, 26, 0], [0, 0, 27, 0, 0, 0], [28, 0, 0, 0, 29, 0], [0, 0, 30, 0, 0, 0], [31, 0, 0, 0, 32, 0], [0, 0, 32, 1, 0, 0], [32, 2, 0, 0, 32, 3], [0, 0, 32, 4, 0, 0], [32, 5, 0, 0, 32, 6], [0, 0, 32, 7, 0, 0], [32, 8, 0, 0, 32, 9], [0, 0, 32, 10, 0, 0], [32, 11, 0, 0, 32, 12], [0, 0, 32, 13, 0, 0], [32, 14, 0, 0, 32, 15], [0, 0, 32, 16, 0, 0], [32, 17, 0, 0, 32, 18]]
Applied: [32, 0, 0, 0, 31, 1, 0, 0, 30, 2, 0, 0, 29, 3, 0, 0, 28, 4, 0, 0, 27, 5, 0, 0, 26, 6, 0, 0, 25, 7, 0, 0, 24, 8, 0, 0, 23, 9, 0, 0, 22, 10, 0, 0, 21, 11, 0, 0, 20, 12, 0, 0, 19, 13, 0, 0, 18, 14, 0, 0, 17, 15, 0, 0, 16, 16, 0, 0, 15, 17, 0, 0, 14, 18, 0, 0, 13, 19, 0, 0, 12, 20, 0, 0, 11, 21, 0, 0, 10, 22, 0, 0, 9, 23, 0, 0, 8, 24, 0, 0, 7, 25, 0, 0, 6, 26, 0, 0, 5, 27, 0, 0, 4, 28, 0, 0, 3, 29, 0, 0, 2, 30, 0, 0, 1, 31, 0, 0, 0, 32, 0, 0]
Result: [[128, 64, 0, 0, 0, 0], [126, 62, 1, 0, 0, 0], [124, 60, 2, 0, 0, 0], [122, 58, 3, 0, 0, 0], [120, 56, 4, 0, 0, 0], [118, 54, 5, 0, 0, 0], [116, 52, 6, 0, 0, 0], [114, 50, 7, 0, 0, 0], [112, 48, 8, 0, 0, 0], [110, 46, 9, 0, 0, 0], [108, 44, 10, 0, 0, 0], [106, 42, 11, 0, 0, 0], [104, 40, 12, 0, 0, 0], [102, 38, 13, 0, 0, 0], [100, 36, 14, 0, 0, 0], [98, 34, 15, 0, 0, 0], [96, 32, 16, 0, 0, 0], [94, 30, 17, 0, 0, 0], [92, 28, 18, 0, 0, 0], [90, 26, 19, 0, 0, 0], [88, 24, 20, 0, 0, 0], [86, 22, 21, 0, 0, 0], [84, 20, 22, 0, 0, 0], [82, 18, 23, 0, 0, 0], [80, 16, 24, 0, 0, 0], [78, 14, 25, 0, 0, 0], [76, 12, 26, 0, 0, 0], [74, 10, 27, 0, 0, 0], [72, 8, 28, 0, 0, 0], [70, 6, 29, 0, 0, 0], [68, 4, 30, 0, 0, 0], [66, 2, 31, 0, 0, 0], [64, 0, 32, 0, 0, 0]]
Time 6: 
Config vector: [128, 64, 0, 0, 0, 0]
Candidate app vectors: [[1, 0, 0, 0, 2, 0], [0, 0, 3, 0, 0, 0], [4, 0, 0, 0, 5, 0], [0, 0, 6, 0, 0, 0], [7, 0, 0, 0, 8, 0], [0, 0, 9, 0, 0, 0], [10, 0, 0, 0, 11, 0], [0, 0, 12, 0, 0, 0], [13, 0, 0, 0, 14, 0], [0, 0, 15, 0, 0, 0], [16, 0, 0, 0, 17, 0], [0, 0, 18, 0, 0, 0], [19, 0, 0, 0, 20, 0], [0, 0, 21, 0, 0, 0], [22, 0, 0, 0, 23, 0], [0, 0, 24, 0, 0, 0], [25, 0, 0, 0, 26, 0], [0, 0, 27, 0, 0, 0], [28, 0, 0, 0, 29, 0], [0, 0, 30, 0, 0, 0], [31, 0, 0, 0, 32, 0], [0, 0, 33, 0, 0, 0], [34, 0, 0, 0, 35, 0], [0, 0, 36, 0, 0, 0], [37, 0, 0, 0, 38, 0], [0, 0, 39, 0, 0, 0], [40, 0, 0, 0, 41, 0], [0, 0, 42, 0, 0, 0], [43, 0, 0, 0, 44, 0], [0, 0, 45, 0, 0, 0], [46, 0, 0, 0, 47, 0], [0, 0, 48, 0, 0, 0], [49, 0, 0, 0, 50, 0], [0, 0, 51, 0, 0, 0], [52, 0, 0, 0, 53, 0], [0, 0, 54, 0, 0, 0], [55, 0, 0, 0, 56, 0], [0, 0, 57, 0, 0, 0], [58, 0, 0, 0, 59, 0], [0, 0, 60, 0, 0, 0], [61, 0, 0, 0, 62, 0], [0, 0, 63, 0, 0, 0], [64, 0, 0, 0, 64, 1], [0, 0, 64, 2, 0, 0], [64, 3, 0, 0, 64, 4], [0, 0, 64, 5, 0, 0], [64, 6, 0, 0, 64, 7], [0, 0, 64, 8, 0, 0], [64, 9, 0, 0, 64, 10], [0, 0, 64, 11, 0, 0], [64, 12, 0, 0, 64, 13], [0, 0, 64, 14, 0, 0], [64, 15, 0, 0, 64, 16], [0, 0, 64, 17, 0, 0], [64, 18, 0, 0, 64, 19], [0, 0, 64, 20, 0, 0], [64, 21, 0, 0, 64, 22], [0, 0, 64, 23, 0, 0], [64, 24, 0, 0, 64, 25], [0, 0, 64, 26, 0, 0], [64, 27, 0, 0, 64, 28], [0, 0, 64, 29, 0, 0], [64, 30, 0, 0, 64, 31], [0, 0, 64, 32, 0, 0], [64, 33, 0, 0, 64, 34]]
Applied: [64, 0, 0, 0, 63, 1, 0, 0, 62, 2, 0, 0, 61, 3, 0, 0, 60, 4, 0, 0, 59, 5, 0, 0, 58, 6, 0, 0, 57, 7, 0, 0, 56, 8, 0, 0, 55, 9, 0, 0, 54, 10, 0, 0, 53, 11, 0, 0, 52, 12, 0, 0, 51, 13, 0, 0, 50, 14, 0, 0, 49, 15, 0, 0, 48, 16, 0, 0, 47, 17, 0, 0, 46, 18, 0, 0, 45, 19, 0, 0, 44, 20, 0, 0, 43, 21, 0, 0, 42, 22, 0, 0, 41, 23, 0, 0, 40, 24, 0, 0, 39, 25, 0, 0, 38, 26, 0, 0, 37, 27, 0, 0, 36, 28, 0, 0, 35, 29, 0, 0, 34, 30, 0, 0, 33, 31, 0, 0, 32, 32, 0, 0, 31, 33, 0, 0, 30, 34, 0, 0, 29, 35, 0, 0, 28, 36, 0, 0, 27, 37, 0, 0, 26, 38, 0, 0, 25, 39, 0, 0, 24, 40, 0, 0, 23, 41, 0, 0, 22, 42, 0, 0, 21, 43, 0, 0, 20, 44, 0, 0, 19, 45, 0, 0, 18, 46, 0, 0, 17, 47, 0, 0, 16, 48, 0, 0, 15, 49, 0, 0, 14, 50, 0, 0, 13, 51, 0, 0, 12, 52, 0, 0, 11, 53, 0, 0, 10, 54, 0, 0, 9, 55, 0, 0, 8, 56, 0, 0, 7, 57, 0, 0, 6, 58, 0, 0, 5, 59, 0, 0, 4, 60, 0, 0, 3, 61, 0, 0, 2, 62, 0, 0, 1, 63, 0, 0, 0, 64, 0, 0]
Result: [[256, 128, 0, 0, 0, 0], [254, 126, 1, 0, 0, 0], [252, 124, 2, 0, 0, 0], [250, 122, 3, 0, 0, 0], [248, 120, 4, 0, 0, 0], [246, 118, 5, 0, 0, 0], [244, 116, 6, 0, 0, 0], [242, 114, 7, 0, 0, 0], [240, 112, 8, 0, 0, 0], [238, 110, 9, 0, 0, 0], [236, 108, 10, 0, 0, 0], [234, 106, 11, 0, 0, 0], [232, 104, 12, 0, 0, 0], [230, 102, 13, 0, 0, 0], [228, 100, 14, 0, 0, 0], [226, 98, 15, 0, 0, 0], [224, 96, 16, 0, 0, 0], [222, 94, 17, 0, 0, 0], [220, 92, 18, 0, 0, 0], [218, 90, 19, 0, 0, 0], [216, 88, 20, 0, 0, 0], [214, 86, 21, 0, 0, 0], [212, 84, 22, 0, 0, 0], [210, 82, 23, 0, 0, 0], [208, 80, 24, 0, 0, 0], [206, 78, 25, 0, 0, 0], [204, 76, 26, 0, 0, 0], [202, 74, 27, 0, 0, 0], [200, 72, 28, 0, 0, 0], [198, 70, 29, 0, 0, 0], [196, 68, 30, 0, 0, 0], [194, 66, 31, 0, 0, 0], [192, 64, 32, 0, 0, 0], [190, 62, 33, 0, 0, 0], [188, 60, 34, 0, 0, 0], [186, 58, 35, 0, 0, 0], [184, 56, 36, 0, 0, 0], [182, 54, 37, 0, 0, 0], [180, 52, 38, 0, 0, 0], [178, 50, 39, 0, 0, 0], [176, 48, 40, 0, 0, 0], [174, 46, 41, 0, 0, 0], [172, 44, 42, 0, 0, 0], [170, 42, 43, 0, 0, 0], [168, 40, 44, 0, 0, 0], [166, 38, 45, 0, 0, 0], [164, 36, 46, 0, 0, 0], [162, 34, 47, 0, 0, 0], [160, 32, 48, 0, 0, 0], [158, 30, 49, 0, 0, 0], [156, 28, 50, 0, 0, 0], [154, 26, 51, 0, 0, 0], [152, 24, 52, 0, 0, 0], [150, 22, 53, 0, 0, 0], [148, 20, 54, 0, 0, 0], [146, 18, 55, 0, 0, 0], [144, 16, 56, 0, 0, 0], [142, 14, 57, 0, 0, 0], [140, 12, 58, 0, 0, 0], [138, 10, 59, 0, 0, 0], [136, 8, 60, 0, 0, 0], [134, 6, 61, 0, 0, 0], [132, 4, 62, 0, 0, 0], [130, 2, 63, 0, 0, 0], [128, 0, 64, 0, 0, 0]]
